837 81 13
30 60 700 9.00
0 5  41  1
1 1  67  1
1 4  42  1
2 10 8   1
0 14 80  1
1 1  23  1
2 10 50  1
1 9  41  1
0 14 3   1
0 4  77  1
0 1  43  1
0 20 22  1
2 17 63  1
1 5  37  1
2 3  18  1
2 15 16  1
1 12 34  1
2 10 25  1
1 3  49  1
1 1  77  1
1 2  13  1
1 2  71  1
2 10 49  1
0 10 27  1
2 8  49  1
1 6  69  1
2 3  20  1
1 8  12  1
2 18 17  1
1 12 14  1
2 4  29  1
1 16 9   1
1 20 54  1
1 9  19  1
1 1  43  1
1 7  9   1
0 18 66  1
1 24 40  1
1 9  59  1
1 7  46  1
1 1  35  1
2 7  48  1
1 1  30  1
1 4  62  1
0 2  60  1
1 4  48  1
1 3  77  1
2 1  37  1
1 9  78  1
2 3  76  1
1 2  46  1
1 3  79  1
2 4  74  1
2 7  23  1
2 12 46  1
1 15 21  1
1 7  51  1
0 2  30  1
2 6  20  1
2 4  11  1
2 3  8   1
0 4  12  1
0 24 65  1
0 19 63  1
0 13 28  1
0 21 53  1
2 17 54  1
0 24 8   1
2 15 73  1
0 11 68  1
0 23 80  1
0 7  23  1
2 4  36  1
0 21 62  1
2 5  37  1
0 3  65  1
0 6  3   1
1 12 12  1
2 25 56  1
1 13 23  1
0 19 26  1
2 8  66  1
2 1  18  1
0 10 77  1
2 12 67  1
2 8  15  1
2 5  32  1
2 3  77  1
0 8  77  1
0 2  79  1
0 3  45  1
1 10 25  1
1 3  66  1
1 16 11  1
1 16 25  1
1 3  2   1
0 6  67  1
1 13 60  1
1 20 8   1
2 5  57  1
0 7  41  1
2 22 4   1
0 7  10  1
2 6  62  1
0 12 73  1
1 16 77  1
0 2  56  1
1 5  47  1
0 10 27  1
1 11 27  1
0 5  54  1
2 10 9   1
2 3  45  1
0 12 1   1
2 9  38  1
1 10 8   1
0 25 23  1
1 12 13  1
2 1  33  1
0 24 69  1
2 3  37  1
2 4  1   1
2 15 43  1
1 4  65  1
2 10 70  1
1 12 63  1
0 5  4   1
1 2  59  1
1 2  60  1
0 1  23  1
0 1  64  1
0 6  17  1
0 16 73  1
2 1  16  1
2 6  80  1
1 10 4   1
0 2  74  1
1 12 42  1
1 4  56  1
1 16 49  1
0 7  30  1
1 9  14  1
2 3  60  1
2 14 37  1
2 15 3   1
2 3  12  1
2 6  3   1
2 11 47  1
2 10 64  1
0 4  33  1
2 2  38  1
1 6  10  1
1 11 23  1
0 17 13  1
1 10 78  1
2 2  9   1
0 23 2   1
0 11 30  1
1 5  77  1
1 7  23  1
1 1  15  1
0 7  78  1
1 1  71  1
2 6  61  1
1 5  58  1
0 12 78  1
1 23 10  1
0 11 78  1
2 6  73  1
0 18 29  1
1 18 68  1
0 4  53  1
0 4  54  1
2 12 57  1
1 13 40  1
0 1  2   1
1 20 59  1
1 19 25  1
1 18 80  1
0 23 55  1
2 5  11  1
1 4  69  1
1 25 4   1
0 5  66  1
1 5  27  1
0 5  80  1
1 4  33  1
2 8  43  1
1 19 34  1
2 2  11  1
1 1  20  1
2 12 2   1
0 16 51  1
2 1  64  1
2 8  62  1
0 2  34  1
0 3  16  1
2 6  16  1
1 3  45  1
1 4  17  1
2 13 33  1
1 2  34  1
0 6  36  1
1 20 32  1
2 10 6   1
0 9  19  1
1 4  31  1
2 7  58  1
0 4  56  1
0 10 13  1
1 6  79  1
1 23 13  1
1 14 62  1
0 5  67  1
1 11 13  1
1 1  52  1
0 6  61  1
0 6  14  1
0 5  36  1
0 19 45  1
1 16 28  1
0 2  18  1
1 4  27  1
0 10 20  1
0 5  64  1
1 1  28  1
1 3  16  1
1 12 3   1
2 2  51  1
0 6  38  1
2 11 38  1
0 4  6   1
2 8  10  1
0 2  62  1
2 10 47  1
0 7  31  1
2 2  2   1
0 4  24  1
2 14 56  1
1 16 33  1
2 6  75  1
0 2  46  1
0 12 78  1
2 6  63  1
1 22 69  1
2 19 24  1
1 2  20  1
0 8  79  1
0 1  41  1
1 16 52  1
2 7  55  1
2 1  51  1
0 4  80  1
1 10 62  1
2 5  32  1
1 17 60  1
1 22 34  1
2 11 50  1
1 9  34  1
0 3  70  1
0 6  38  1
1 5  31  1
1 20 67  1
1 11 28  1
2 2  78  1
0 3  48  1
0 19 3   1
0 9  13  1
0 5  60  1
0 16 65  1
2 9  61  1
0 9  81  1
0 6  65  1
2 1  16  1
1 2  52  1
1 15 16  1
1 17 42  1
0 18 73  1
0 1  60  1
2 13 16  1
2 21 60  1
0 5  30  1
2 3  76  1
0 7  16  1
2 5  45  1
1 1  16  1
0 2  14  1
1 23 41  1
1 7  24  1
2 2  10  1
1 1  54  1
0 18 26  1
1 11 23  1
1 18 20  1
0 12 18  1
1 14 61  1
2 1  39  1
1 5  15  1
0 15 57  1
2 6  55  1
2 17 32  1
0 2  22  1
2 16 67  1
0 23 40  1
2 24 78  1
1 4  61  1
1 12 58  1
0 16 37  1
0 6  44  1
0 13 30  1
1 1  61  1
0 3  70  1
1 11 26  1
2 17 5   1
1 7  48  1
2 1  44  1
1 2  39  1
1 10 10  1
2 10 4   1
1 12 43  1
0 2  59  1
2 11 54  1
1 3  61  1
0 2  46  1
1 1  36  1
0 3  66  1
1 10 47  1
0 2  56  1
2 8  39  1
0 2  56  1
0 1  9   1
2 3  63  1
1 11 62  1
0 9  8   1
2 7  37  1
2 6  30  1
0 18 17  1
1 5  81  1
0 4  15  1
2 4  76  1
1 5  68  1
0 15 19  1
1 3  1   1
0 8  62  1
2 1  77  1
1 4  62  1
0 18 54  1
2 6  80  1
1 4  26  1
1 9  68  1
0 13 80  1
2 9  32  1
2 2  67  1
0 4  30  1
0 3  48  1
1 15 20  1
0 7  58  1
2 12 12  1
1 2  68  1
0 5  23  1
0 4  69  1
0 14 12  1
0 22 53  1
0 15 5   1
1 14 53  1
0 5  22  1
0 18 60  1
0 13 18  1
2 3  13  1
1 18 8   1
0 8  52  1
2 5  59  1
1 8  7   1
1 7  18  1
1 9  45  1
1 21 17  1
0 25 48  1
2 10 14  1
0 2  63  1
2 8  50  1
2 11 49  1
0 4  80  1
2 9  40  1
0 17 50  1
1 21 51  1
2 1  22  1
2 2  35  1
2 2  6   1
1 12 70  1
1 1  28  1
2 9  35  1
1 19 69  1
2 19 69  1
2 2  69  1
0 3  72  1
2 22 71  1
0 1  67  1
2 2  69  1
1 23 40  1
0 9  66  1
1 11 52  1
2 4  32  1
0 5  78  1
1 7  80  1
2 2  66  1
0 23 80  1
0 7  59  1
1 14 2   1
0 3  38  1
1 1  63  1
1 2  61  1
0 8  36  1
0 7  49  1
0 2  81  1
2 4  79  1
0 3  22  1
0 2  25  1
2 2  72  1
2 6  2   1
1 13 22  1
2 3  18  1
1 2  51  1
0 1  5   1
2 3  1   1
0 10 3   1
2 2  57  1
0 3  76  1
0 2  67  1
2 18 52  1
0 12 17  1
2 21 80  1
1 4  22  1
0 2  68  1
1 2  61  1
0 5  17  1
0 14 57  1
1 22 69  1
0 4  81  1
1 3  14  1
2 4  2   1
2 3  59  1
2 8  46  1
1 5  53  1
1 3  19  1
1 8  39  1
2 3  3   1
1 20 15  1
1 1  6   1
2 1  55  1
0 9  38  1
1 12 81  1
2 12 37  1
1 2  24  1
1 1  2   1
1 1  41  1
2 16 64  1
2 12 66  1
2 13 20  1
0 23 67  1
1 17 22  1
1 7  36  1
0 1  19  1
1 8  50  1
0 9  33  1
2 6  9   1
0 11 38  1
1 2  42  1
0 2  11  1
1 3  38  1
2 2  13  1
0 8  74  1
2 3  60  1
2 6  7   1
1 2  73  1
2 5  16  1
0 13 8   1
1 1  52  1
0 4  54  1
1 10 43  1
2 8  73  1
0 8  76  1
1 8  63  1
1 19 27  1
0 4  52  1
2 6  71  1
1 16 61  1
2 3  41  1
2 9  20  1
0 8  65  1
2 1  45  1
2 1  76  1
2 18 26  1
2 5  43  1
2 15 37  1
1 1  56  1
0 12 18  1
0 10 15  1
2 16 23  1
2 1  37  1
1 14 52  1
2 2  27  1
2 3  22  1
1 8  60  1
2 5  70  1
0 16 44  1
0 21 55  1
0 9  55  1
2 12 53  1
2 3  43  1
1 13 7   1
1 1  56  1
2 21 10  1
1 16 46  1
0 2  79  1
1 7  10  1
0 15 70  1
2 16 22  1
2 16 33  1
2 2  13  1
2 1  9   1
1 2  18  1
0 23 81  1
1 1  66  1
2 5  48  1
1 18 60  1
1 6  3   1
2 1  22  1
2 4  25  1
2 3  10  1
1 3  64  1
0 5  2   1
1 2  9   1
1 23 10  1
1 1  38  1
0 3  23  1
0 1  39  1
1 14 71  1
0 5  53  1
1 9  8   1
1 9  5   1
0 1  63  1
0 19 29  1
2 14 69  1
1 6  38  1
0 6  1   1
0 1  43  1
0 2  7   1
1 7  25  1
2 10 13  1
1 9  66  1
0 20 52  1
2 15 2   1
2 5  11  1
0 9  79  1
1 25 6   1
0 2  42  1
2 15 35  1
2 6  67  1
2 6  47  1
2 17 58  1
1 15 32  1
1 20 65  1
0 3  12  1
2 10 18  1
2 1  41  1
0 18 38  1
1 17 2   1
2 4  16  1
2 11 43  1
0 8  33  1
2 6  80  1
0 9  46  1
0 1  69  1
0 13 18  1
0 23 6   1
0 1  6   1
2 2  61  1
2 25 44  1
0 3  61  1
1 12 72  1
2 1  75  1
1 9  75  1
0 1  13  1
1 3  57  1
0 17 35  1
2 2  54  1
1 12 1   1
0 22 62  1
1 7  20  1
0 18 47  1
0 4  35  1
2 1  2   1
2 6  59  1
1 3  21  1
0 2  1   1
2 16 56  1
1 24 21  1
2 15 80  1
2 19 33  1
1 2  30  1
2 14 33  1
1 14 64  1
2 10 67  1
0 15 74  1
2 5  72  1
2 8  41  1
0 15 2   1
0 1  32  1
1 14 49  1
1 13 78  1
1 4  73  1
1 15 34  1
1 10 69  1
2 9  43  1
1 2  38  1
0 5  73  1
0 7  10  1
1 18 15  1
1 22 77  1
1 12 12  1
0 20 3   1
2 11 59  1
2 8  24  1
1 17 8   1
0 20 57  1
0 7  76  1
1 6  55  1
0 18 49  1
1 2  70  0
2 6  16  0
2 20 60  0
0 10 77  0
1 25 31  0
1 8  67  0
1 3  48  0
2 3  76  0
0 7  1   0
2 13 20  0
1 6  34  0
0 1  19  0
2 20 17  0
2 13 71  0
0 20 53  0
0 6  14  0
0 3  73  0
0 6  28  0
1 1  10  0
0 23 26  0
0 21 72  0
2 21 47  0
1 3  70  0
1 16 57  0
0 14 65  0
2 9  7   0
0 16 44  0
2 8  12  0
2 18 21  0
1 3  1   0
0 4  44  0
0 12 36  0
1 10 49  0
1 5  74  0
1 5  61  0
2 23 80  0
0 15 1   0
1 16 1   0
2 15 12  0
2 2  41  0
1 17 60  0
0 6  45  0
1 1  64  0
2 4  62  0
1 3  1   0
1 17 24  0
0 1  48  0
2 4  50  0
0 20 24  0
1 11 53  0
2 20 81  0
0 17 33  0
0 4  61  0
2 23 16  0
0 3  18  0
2 11 37  0
1 5  24  0
2 2  52  0
2 2  10  0
0 12 27  0
2 3  59  0
0 20 76  0
0 8  80  0
2 13 7   0
2 19 26  0
0 9  21  0
0 5  61  0
2 6  15  0
0 3  11  0
2 8  54  0
1 7  77  0
0 11 16  0
1 2  73  0
2 4  17  0
2 3  31  0
1 3  81  0
1 17 25  0
1 5  28  0
1 11 7   0
1 16 37  0
2 2  3   0
0 10 50  0
2 8  61  0
0 1  80  0
1 8  47  0
0 21 53  0
0 13 26  0
2 11 9   0
0 24 47  0
2 4  3   0
2 2  9   0
1 8  44  0
1 25 9   0
0 4  16  0
1 3  1   0
0 1  81  0
1 11 9   0
1 16 65  0
0 1  2   0
0 11 33  0
1 18 44  0
2 7  17  0
0 5  60  0
2 9  36  0
1 5  75  0
1 25 81  0
2 2  35  0
2 10 25  0
1 1  49  0
0 7  73  0
2 6  26  0
1 9  30  0
2 5  38  0
0 6  33  0
1 3  75  0
0 10 4   0
0 10 32  0
1 23 48  0
1 12 24  0
2 4  23  0
2 17 48  0
2 1  31  0
2 2  34  0
2 4  14  0
2 17 73  0
2 4  15  0
1 1  63  0
1 8  20  0
0 23 18  0
2 17 16  0
0 8  59  0
1 3  40  0
1 3  22  0
2 6  79  0
2 4  13  0
0 2  76  0
0 14 16  0
2 5  68  0
0 18 69  0
0 11 20  0
2 6  39  0
2 7  46  0
0 1  69  0
0 2  17  0
2 10 55  0
2 3  23  0
1 7  64  0
1 8  33  0
0 1  47  0
2 9  36  0
1 12 40  0
2 15 77  0
0 3  13  0
0 9  56  0
0 4  6   0
0 19 65  0
0 8  29  0
2 9  79  0
0 1  12  0
0 8  33  0
2 11 61  0
0 21 30  0
2 5  72  0
0 7  6   0
1 6  17  0
2 2  50  0
2 7  2   0
1 4  10  0
2 6  35  0
1 1  24  0
1 8  17  0
1 13 35  0
0 7  32  0
1 17 7   0
2 19 66  0
0 1  59  0
1 10 20  0
1 17 10  0
0 17 79  0
1 2  15  0
0 9  14  0
0 15 15  0
0 1  51  0
0 2  48  0
0 2  2   0
1 2  33  0
1 1  24  0
1 1  75  0
2 15 8   0
0 13 36  0
1 1  26  0
0 9  58  0
2 3  50  0
0 21 27  0
0 11 9   0
0 2  14  0
2 3  24  0
0 1  29  0
1 9  6   0
2 3  66  0
1 8  39  0
0 10 14  0
1 2  59  0
0 3  12  0
0 1  41  0
1 1  6   0
2 11 69  0
1 2  23  0
1 16 72  0
    0  9066  8750  7769  4569  4915  5641 10302  6329  4727  7828 10705 12573 11992 12489 10802  9407 11086  9711 10011  8530  8930  7288  7248  6805  6927  7510  6905  7173  8465  7186  7707  6930  6402  3515  2619  5117  9052  8370  7620  8485  7748  8151  8073  7057  6509 10422 11608 11142 10566 10138 13833 11000 10842 11330 13144 11126  9857  9694  9625 12920 10383 13561 15387  5572 10387 12453 10851 12593 11906 12551  3618  5569  6085  9456  3199 10490  9654  6987 10523  6538  8522 
 8834     0   845  4156  5951  5605  4771  2293  4952  4849  3689  2909  4131  3551  3870  2360  1215  2644  1849  4160  4562   946  3449  2527  3352  2766  2008  2122  2688  2032  2972  3259  3678  4140  5896  7332  6034  2562  3851  3316  3439  4480  4258  4220  4833  5131  2412  3166  2621  2045  2128  3134  2479  2832  2809  3382  6546  2833  2670  2601  4805  3315  4539  6366  3573  8001  4261  9399  6257  3385  4739  6699  5229  3582  3605  6483  4753  1461  3232  4672  5176  1455 
 8213   965     0  3821  5330  4983  4150  2115  4330  4228  3284  3638  4809  4280  4280  3089  1944  3373  2578  4890  4158   830  3045  2123  2947  2309  1603  1500  2067  1690  2473  2638  3273  3518  5275  6710  5413  2196  3485  2980  3074  4144  3923  3885  4498  4510  2234  3896  3031  2455  1950  3372  2889  2654  3047  3204  5388  2467  2304  2235  4627  3137  4361  6188  3169  7665  4990  9064  6986  3795  5149  6078  4608  3177  4334  5862  4388  2191  2827  5401  4539   792 
 6848  4147  3841     0  3169  3619  1989  4381  1394  2863  4902  6595  8888  7486  8359  6296  4901  6580  5524  7257  5776  4012  4663  3741  3545  2695  3128  2466  2074  2999  1766  1262  1456  1358  3910  5346  3025  2185   971   984  1087   641   752   675   995  1282  4501  7102  5795  5111  4216  5639  5545  4921  5313  4578  5091  3412  3248  3179  5707  3938  5440  7267  3766  4352  7947  5751  9839  6438  8331  3917  2386  3775  6702  4497  4455  5147  3635  7769  1338  3353 
 4508  6000  5685  3494     0  1585  1365  6551  2054  1880  5677  8554 12733  8927 12204  7737  6342  8020  7560  7860  6379  5865  5137  5097  4654  3971  4568  3907  3548  5169  3561  3432  2654  2127  2100  3459   841  4776  4094  3345  4210  3472  3875  3797  2782  2233  6671  8543  7966  7281  6387  9558  7715  7091  7484  8868  6850  5582  5419  5350  8644  6108  9285 11112  3421  6111  9387  7510 10442 10923  9485   982  1294  3933  7305  2611  6214  6588  4835  8372  2262  5337 
 3899  6073  5758  4185  1605     0  2056  7310  2745  1735  4835  7713  9581  9000  9497  7810  6415  8094  6719  7019  5538  5938  4296  4256  3812  3935  4518  3912  4180  5473  4194  4123  3345  2818   961  2397   876  5538  4785  4036  4901  4163  4566  4489  3473  2924  7430  8616  8149  7573  7145 10249  8008  7850  8338  9559  7542  6344  6181  6112  9336  6870  9976 11803  2579  6802  9461  8201  9600  8913  9559  2180  1985  3092  6464  1548  6905  6661  3994  7530  2953  5530 
 5298  4775  4459  1957  1353  1611     0  5326   829  1077  5267  6810  8283  7702  8199  6511  5117  6795  7151  7451  5969  4640  4728  3714  3518  2746  3343  2682  2323  3944  2336  2207  1429   902  2360  3796  1210  3551  2785  2120  2650  2077  2566  2488  1394  1008  5446  7318  6740  6056  5161  6584  6490  5866  6258  5523  6334  4357  4193  4124  8128  4883  6385  8212  3011  5595  8162  6993 10032  7383  8260  2101   570  3524  6895  2948  5698  5363  3607  7962  1037  4112 
10558  2620  2474  4657  6817  7329  5637     0  5732  6573  5708  5032  4140  4188  3610  2998  3600  3282  4233  6545  6582  2485  5468  4547  5371  4655  4027  3846  4176  3242  3472  3904  5104  5006  7620  9056  6673  3062  4351  3816  3940  4980  4759  4721  5334  5620   385  3743  1680   995   849  1523  1430  1404  1198  1954  5118  2127  1659  1895  3377  2036  3111  4938  5592  8225  5487  9624  7800  2323  4430  7565  6034  5601  5990  8207  4478  3846  5251  7057  5676  2769 
 5941  4991  4675  1363  2006  2265   827  5422     0  1810  5091  7026  8499  7918  9401  6727  5333  7011  5955  7446  5965  4856  4851  3930  3734  2962  3559  2898  2539  4041  2552  2303  1645  1118  3003  4438  1863  3177  1964  1996  2079  1341  1744  1667   884   272  5542  7534  6837  6152  5258  6680  6587  5962  6355  5620  5642  4453  4290  4221  7436  4979  6482  8309  3653  4903  8378  6302 10027  7480  8476  2754  1223  4166  6891  3590  5006  5579  3823  7958   527  4328 
 4726  5933  5617  3271  1635  1496  1198  6430  1933     0  4695  7572  9441  8860 11981  7669  6275  7953  6578  6878  5397  5798  4155  4115  3672  3794  4377  3772  3427  5332  3440  3311  2533  2006  1788  3224  1492  4655  3872  3224  3987  3249  3652  3575  2559  2112  6550  8476  8009  7433  6266  9335  7867  6970  7363  8646  6628  5461  5298  5229  8422  5987  9063 10889  2439  5889  9320  7287  9460 10701  9418  2383   825  2952  6323  2375  5992  6521  3854  7390  2141  5390 
 7768  3683  3367  5025  5501  4538  5043  5423  5254  4351     0  3294  6356  5775  6272  4585  3202  4869  2300  2600  1119  3548   699  1244  1794  2899  2141  2727  3293  3886  3700  3864  3811  4442  4830  6265  4968  4866  4971  4207  4737  5370  5149  5111  6523  5434  5543  5391  5286  5183  5259  6273  5618  5963  5947  6513 10591  5716  5553  5484  7936  6242  7670  9496  2545  9852  6248 11251  5181  6523  6334  6272  4649  1803  2045  5417  7636  3448  1457  3112  5462  3140 
10628  2708  3512  6499  8361  7399  6829  4959  7009  7211  3224     0  4689  4108  4595  2907  1844  3191  2203  1837  3833  3613  3543  4368  4654  4823  4065  4179  4745  4796  5152  5316  5735  6197  7690  9126  7828  5229  6423  5659  6190  6823  6602  6564  7176  7188  5079  3714  3660  4451  4795  5781  4429  5499  5455  6049  9213  5500  5337  5268  7472  5982  7206  9033  5405 10344  4072 11742  3387  5043  4667  9132  7509  4664  1656  8277  7420  1512  4317  4101  7217  3795 
12333  3911  4658  7941  9450  9103  8270  5258  8450  8347  6263  4708     0   974   636  2455  3683  1810  4316  4980  6871  4279  6582  6026  6850  6264  5506  5620  6187  5837  6593  6758  7176  7638  9394 10830  9533  6367  7865  7100  7245  8264  8043  8005  8618  8630  5300  1769  2784  3575  5820  4646  3553  5642  4949  5507  8671  7096  6263  6707  6931  6028  6101  7568  7071 11778  3404 13177  5587  3994   525 10197  8727  7080  6073  9982  8032  3475  6730  7140  8658  5237 
11729  3308  4111  7337  8846  8499  7666  4270  7847  7744  5659  4105   744     0  1230  1851  3079  1206  3713  4376  6268  4070  5978  5422  6247  5661  4903  5017  5583  5298  5990  6154  6573  7035  8791 10227  8929  5828  7261  6497  6706  7661  7439  7401  8014  8026  4311  1242  2575  3367  4464  4843  3344  5839  5146  5704  8868  5743  5275  5511  7127  6224  6298  7765  6468 11975  2677 13374  4860  4191   722  9594  8124  6477  5469  9378  8229  2871  6127  6536  8055  4633 
12230  3809  4129  7432  9347  9001  8168  3949  8348  8245  6160  4606   636  1460     0  2352  3580  1707  4214  5466  6769  3750  6479  5923  6748  6162  5404  5518  6084  5308  6248  6655  7074  7536  9292 10728  9431  5838  7127  6592  6716  7756  7535  7497  8109  8527  3991  1240  2255  3046  4144  4348  3024  5344  4651  5209  8373  5422  4954  5190  6632  5729  5803  7270  6969 11480  3946 12879  6130  3696   926 10095  8625  6978  5970  9879  7733  3372  6628  7037  8452  4771 
10834  2412  3216  6442  7951  7604  6771  3375  6952  6849  4764  2741  2129  1548  2045     0  1839   641  2584  4161  5373  3175  5083  4527  5352  4766  4008  4122  4688  4403  5095  5259  5677  6140  7896  9331  8034  4933  6366  5602  5811  6765  6544  6506  7119  7131  3416  1164  1680  2471  3569  3801  2449  4124  3476  5828  8992  4848  4379  4616  7251  4756  6422  7889  5573 12099  2965 13498  5278  4315  2106  8699  7229  5582  3745  8483  8353  1507  5232  5641  7160  3738 
 9192  1008  1812  4799  6308  5962  5129  3260  5309  5206  3121  1838  3414  2833  3330  1643     0  1926  1084  3257  3730  1914  3441  2885  3709  3123  2365  2479  3046  3097  3452  3617  4035  4497  6253  7689  6392  3529  4723  3959  4490  5123  4902  4864  5476  5488  3379  2449  2344  3012  3095  4101  3113  3799  3776  4349  7513  3800  3637  3568  5772  4282  5506  7333  3930  8644  3190 10043  5186  3727  3391  7056  5586  3939  2932  6841  5720   391  3589  3999  5517  2096 
10881  2460  3263  6489  7998  7651  6818  3422  6999  6896  4811  3257  1631  1050  1547  1003  2231     0  2865  4534  5420  3222  5130  4574  5399  4813  4055  4169  4735  4450  5142  5306  5725  6187  7943  9379  8081  4980  6413  5649  5858  6813  6591  6553  7166  7178  3463   666  1727  2518  3616  4470  2496  4172  3523  5330  8495  4895  4427  4663  6754  5851  5925  7392  5620 11602  3162 13000  5475  3817  1609  8746  7276  5629  4621  8530  7855  2022  5279  5688  7207  3785 
 9964  1485  2289  5276  6785  6734  5606  3737  5786  5683  2560  2359  4119  3539  4035  2348   965  2632     0  2925  3169  2390  2879  3362  3990  3600  2842  2956  3522  3476  3929  4093  4512  4974  7026  8462  7164  4006  5200  4436  4967  5600  5379  5341  5953  5965  3856  3154  3049  3489  3572  4578  3818  4276  4253  4826  7990  4277  4114  4045  6249  4759  5983  7810  4407  9121  4011 10520  5507  4829  4097  7533  6063  4000  2370  7613  6197  1212  3653  3437  5994  2573 
 9961  3882  4686  7180  7694  6731  7236  6134  7978  6543  2557  1906  5049  4469  5536  4746  3363  5029  2461     0  3165  4788  2876  3700  3987  5054  4296  4882  5448  5873  5855  6019  5966  6598  7022  8458  7161  6403  7126  6362  6892  7526  7304  7267  8716  8157  6254  4818  5447  5886  5970  6976  6216  6674  6650  7223 10388  6674  6511  6442  8647  7157  8381 10207  4738 12045  4781 13444  2694  7226  5027  8465  6842  3996   729  7610  8594  3001  3649  3434  8186  4970 
 8747  2974  3778  6122  6479  5517  6022  5225  6764  5329  1343  2546  5608  5027  5524  3837  2454  4121  1552  1852     0  3879  1662  2342  2773  3950  3239  3824  4391  4964  4797  4962  4908  5540  5808  7244  5947  5495  6069  5304  5835  6468  6247  6209  7502  6943  5345  4643  4538  4978  5061  6067  5307  5765  5742  6315  9479  5766  5603  5533  7738  6248  7472  9298  3524 10831  5500 12230  4434  6317  5586  7251  5628  2782  1297  6396  7686  2700  2435  2364  6972  4061 
 9066   293  1257  4213  6183  5836  5003  2350  5184  5081  3853  2966  4189  3608  4105  2418  1273  2701  1906  4218  4462     0  3681  2759  3584  2997  2240  2353  2920  2089  3326  3491  3909  4372  6128  7563  6266  2619  3908  3373  3496  4537  4316  4278  4890  5363  2469  3224  3119  2722  2185  3608  3156  2890  3282  3439  6603  2890  2727  2658  4863  3372  4596  6423  3805  8058  4318  9456  6314  4062  4166  6931  5461  3813  3663  6715  4810  1519  3464  4730  5392  1552 
 7107  3131  2815  4472  4839  3877  4382  4871  5124  3689   699  3748  6638  6058  6554  4867  3473  5151  2754  3053  1572  2995     0   846  1133  2310  1589  2174  2741  3334  3147  3312  3259  3890  4168  5604  4307  4314  4419  3655  4185  4818  4597  4559  5861  5303  4991  5674  5207  4631  4707  5720  5065  5411  5395  5960  9930  5164  5001  4932  7384  5690  7118  8944  1884  9191  6518 10589  5635  5971  6616  5611  3988  1142  2498  4756  7084  3719   795  3565  5332  2588 
 7265  2384  2069  3726  4998  4035  4540  4125  3956  3847  1273  4322  5892  5311  5808  4121  2726  4405  3328  3628  2147  2249  1034     0  1023  1600   843  1428  1995  2587  2401  2566  2512  3144  4326  5762  4465  3568  3672  2908  3439  4072  3851  3813  4425  4135  4244  4927  4461  3885  3960  4974  4319  4665  4649  5214  8332  4418  4255  4186  6638  4944  6371  8198  1614  7593  5772  8992  6210  5224  5870  5769  4146  1300  3073  4914  6338  2973   817  4140  4164  1841 
 6285  3701  3386  3925  4018  3055  3560  5442  4302  2868  1728  4606  7209  6628  7125  5438  4043  5722  3612  3911  2430  3566  1189  1417     0  1799  2160  2377  2422  3904  2836  3001  2711  3343  3347  4782  3485  4181  4108  3343  3874  4507  4286  4248  5040  4482  5562  6244  5778  5202  5277  6291  5636  5982  5966  6153  9108  4986  4823  4754  7281  5512  7015  8842  1062  8369  7089  9768  6493  6541  7187  4789  3166   321  3356  3934  8472  4290  1156  4423  4511  3158 
 6929  2554  2238  2724  3953  3700  2773  4294  2953  2917  2541  4589  6062  5481  5978  4290  2896  4574  3518  4896  3415  2419  2302  1380  1184     0   999   843   888  2404  1303  1467  1510  2142  3991  5427  4129  2647  2574  1810  2340  2973  2752  2714  3327  3133  4414  5097  4630  4054  4130  5144  4488  4834  4818  4619  7234  3453  3290  3221  5748  3979  5482  7308  1405  6495  5941  7893  7478  5394  6039  4701  3170  1414  4341  4578  5373  3142  1274  5408  3162  2011 
 7374  1991  1676  3169  4398  4145  3218  3732  3399  3362  1979  4027  5499  4918  5415  3728  2333  4012  2956  4334  2853  1856  1739   818  1629  1043     0  1022  1588  2181  1995  2159  1955  2587  4436  5872  4575  3175  3266  2502  3032  3667  3444  3406  4020  3578  3851  4534  4068  3492  3567  4581  3926  4272  4256  4821  7926  4025  3862  3793  6245  4551  5978  7805  1850  7187  5379  8585  6915  4831  5477  5146  3615  1859  3779  5024  5945  2580  1522  4846  3607  1448 
 6794  2275  1959  2402  3911  3564  2731  3580  2912  2809  2657  4310  5783  5202  5699  4012  2617  4295  3239  5012  3531  2140  2418  1496  2009   890   843     0   648  1742  1054  1219  2198  2100  3856  5291  3994  2399  2326  1562  2092  2725  2504  2466  3079  3091  3699  4818  4351  3775  3415  4837  4210  4119  4512  4371  6985  3205  3042  2973  5500  3731  5234  7060  2231  6246  5662  7645  7594  5115  5760  4659  3189  2239  4457  4443  5125  2863  2201  5524  3120  1612 
 6589  2557  2242  2498  3761  3360  2581  3862  2761  2604  2940  4593  6065  5484  5981  4294  2899  4578  3522  5294  3813  2422  2700  1778  1812   693  1126   464     0  2024  1329  1418  2048  1949  3651  5087  3790  2673  2525  1761  2292  2925  2704  2666  3278  2941  3981  5100  4633  4057  3697  5120  4492  4402  4794  4646  7185  3479  3316  3247  5774  4005  5508  7334  2033  6446  5945  7845  7876  5397  6042  4509  2984  2042  4739  4239  5399  3145  1902  5806  2969  1894 
 8335  1902  1403  2976  5136  5106  3956  2833  4052  4350  3787  4688  5746  5217  5217  4026  2995  4310  3515  5827  4660  1767  3547  2625  3437  2432  1973  1623  2189     0  1792  2223  3424  3325  5397  6833  4993  1382  2671  2136  2259  3299  3078  3040  3653  3940  2953  4833  3968  3392  2668  4091  3826  3373  3765  3332  5086  2166  2002  1933  4461  2691  4194  6021  3658  6820  6040  8219  8036  4732  6086  5884  4353  3667  5272  5984  4086  3241  3330  6338  3996   865 
 7109  2912  2606  1726  3534  3879  2354  3146  2535  3124  3598  5250  7653  6142  7124  4952  3557  5235  4179  5952  4471  2777  3358  2436  2470  1351  1783  1122   730  1764     0   544  1821  1723  4171  5606  3391  1371  1650   886  1252  2050  1829  1791  2403  2714  3265  5758  4560  3875  2981  4403  4310  3685  4078  3343  5097  2176  2013  1944  4471  2702  4205  6032  2691  5571  6602  6970  8534  5203  6700  4282  2751  2700  5397  4758  4096  3803  2560  6464  2746  2118 
 7061  3348  3032  1222  3382  3832  2202  3587  2297  3076  3730  5383  8095  6275  7566  5084  3690  5368  4312  6085  4604  3213  3491  2569  2603  1484  1916  1255   863  2206   555     0  1669  1571  4123  5559  3238  1813  1145   381   912  1545  1324  1286  1898  2185  3707  5891  5002  4317  3423  4845  4752  4127  4520  3785  5805  2618  2455  2386  4913  3144  4647  6474  2824  5066  6735  6465  8667  5645  6833  4130  2599  2833  5530  4710  5169  3936  2693  6597  2241  2685 
 5427  3708  3393  1775  2998  2198  1698  5027  2005  1442  3696  5744  7216  6635  7132  5445  4050  5729  4673  6051  4570  3573  3456  2535  2339  1651  2153  1629  1897  3189  1910  1960     0  1193  2489  3925  2628  3255  2637  1873  2403  2273  2383  2306  2626  2184  5146  6251  5785  5209  4862  6284  5643  5566  5959  5227  6723  4061  3898  3829  6356  4587  6090  7916  2560  5984  7096  7382  8632  6548  7194  3746  1822  2568  5496  3077  6086  4296  2428  6562  2213  3059 
 6106  4060  3744  1242  2718  2876  1539  4611  1719  2121  4160  6095  7567  6987  7483  5796  4402  6080  5024  6514  5033  3924  3920  2998  2803  2031  2628  1967  1608  3229  1621  1492   714     0  3168  4603  2575  2836  2070  1404  1935  1740  1850  1773  2093  1898  4730  6603  6025  5340  4446  5869  5775  5150  5543  4808  6190  3641  3478  3409  5936  4167  5670  7497  3024  5451  7447  6849  9096  6668  7545  3466  1935  3032  5959  3755  5554  4648  2892  7026  1927  3397 
 5068  5989  5674  3974  2801  1839  2344  7226  3086  1651  4752  7629  9497  8916  9413  7726  6331  8010  6635  6935  5454  5854  4212  4172  3729  3851  4434  3829  4097  5389  4110  4160  3686  3159     0  3566  2269  5455  4837  4072  4603  4514  4917  4839  3823  3265  7346  8532  8066  7490  7062  8579  7924  7766  8254  7427  7892  6260  6097  6028  9686  6786  8289 10116  2496  7153  9377  8551  9517  8829  9475  3573  1950  3008  6380  2718  7256  6577  3910  7447  3294  5446 
 2495  7427  7111  5412  3442  3276  3781  8663  4523  3089  6189  9066 10934 10354 10850  9163  7769  9447  8072  8372  6891  7291  5649  5609  5166  5288  5871  5266  5534  6826  5547  5597  5123  4596  1876     0  3706  6892  6274  5510  6040  5951  6354  6276  5261  4702  8783  9970  9503  8927  8499 10016  9361  9203  9691  8864  9329  7698  7535  7466 11123  8224  9726 11553  3933  8590 10814  9989 10954 10267 10912  2740  3387  4446  7817  1560  8693  8015  5348  8884  4731  6884 
 4315  5815  5499  3309   841   862  1180  6366  1869  1695  5215  8093 12548  8742 12019  7552  6157  7835  7099  7399  5918  5680  4676  4636  4192  3786  4383  3722  3363  4984  3376  3247  2469  1942  1377  2812     0  4591  3909  3160  4024  3287  3690  3612  2597  2048  6486  8358  7781  7096  6202  9373  7530  6906  7298  8683  6665  5397  5234  5165  8459  5923  9100 10927  2959  5926  9202  7325  9980 10738  9300  1589  1109  3472  6844  1964  6029  6403  4374  7911  2077  5152 
 8129  2483  2177  2154  4450  4900  3270  2933  3177  4144  4677  5156  7441  5798  6912  4607  3462  4891  4096  6408  5551  2348  4437  3516  3549  2430  2863  1727  1809  1335  1105  1537  2737  2639  5191  6627  4307     0  1640  1450  1228  2425  2391  2166  2778  3065  3053  5414  4348  3663  2769  4191  4098  3473  3866  3131  4885  1964  1801  1732  4259  2490  3993  5820  3771  5946  6508  7345  8504  4991  6667  5198  3667  3779  5853  5779  3884  3709  3639  6920  3121  1689 
 7876  3827  3521   829  3941  4200  2675  4061  1852  3549  4856  6509  8569  7142  8039  5952  4816  6235  5438  7211  5730  3692  4617  3695  3729  2610  3042  2381  1988  2679  1658  1176  2142  2043  4938  6373  3798  1643     0   869   412  1100   757   573  1453  1740  4181  6758  5476  4791  3897  5319  5225  4601  4993  4258  5093  3092  2929  2860  5387  3618  5121  6947  3950  4353  7861  5752  9793  6118  8011  4689  3449  3959  6656  5525  4456  5062  3819  7723  1796  3033 
 6984  3277  2971   968  3305  3755  2125  3511  1991  2999  4072  5725  8018  6616  7489  5426  4031  5709  4654  6426  4945  3142  3832  2910  2944  1825  2257  1596  1204  2129   896   392  1592  1494  4046  5482  3162  1736   839     0   835  1239  1018   980  1592  1879  3630  6232  4925  4241  3346  4769  4675  4051  4443  3708  5499  2541  2378  2309  4836  3067  4570  6397  3165  4760  7076  6159  9008  5568  7461  4053  2522  3174  5871  4634  4863  4277  3034  6938  1935  2483 
 7510  3416  3110  1052  4164  4422  2651  3649  2075  3525  4598  6089  8157  6730  7628  5540  4395  5824  5029  6952  5471  3280  4358  3436  3470  2351  2783  2122  1730  2268  1246   918  2118  2020  4572  6008  4020  1231   412   830     0  1322  1163   985  1676  1962  3769  6346  5064  4379  3485  4907  4814  4189  4582  3847  5504  2680  2517  2448  4975  3206  4709  6535  3691  4765  7441  6164  9534  5707  7600  4912  3048  3700  6397  5160  4868  4641  3560  7464  2019  2622 
 7365  4436  4130   611  3430  3689  2075  4670  1341  3525  5231  6884  9178  7775  8648  6585  5190  6869  5813  7586  6105  4301  4991  4069  4012  2984  3417  2755  2363  3288  2055  1551  1923  1825  4427  5862  3287  2425   825  1243  1326     0   606   529   942  1229  4790  7391  6085  5400  4506  5928  5834  5210  5603  4867  4945  3701  3538  3469  6739  4227  5730  7556  4233  4206  8236  5605 10167  6727  8620  4178  2938  4242  7031  5014  4309  5436  4102  8097  1285  3643 
 7686  3872  3566   639  3751  4010  2485  4105  1662  3359  4666  6319  8613  7211  8084  6020  4626  6304  5248  7021  5540  3737  4427  3505  3539  2420  2852  2191  1798  2724  1491   986  1952  1853  4748  6183  3608  1860   615   679   762   910     0    84  1263  1550  4225  6827  5520  4835  3941  5363  5270  4645  5038  4303  4914  3136  2973  2904  5431  3662  5165  6992  3760  4175  7671  5573  9603  6163  8056  4499  3259  3769  6466  5335  4278  4872  3629  7533  1606  3078 
 7761  3947  3641   715  3827  4085  2560  4181  1738  3434  4742  6395  8688  7286  8159  6096  4701  6380  5324  7096  5615  3812  4502  3580  3614  2495  2928  2266  1874  2799  1566  1062  2027  1929  4823  6258  3683  1935   578   754   837   544    84     0  1339  1625  4300  6902  5595  4911  4016  5439  5345  4721  5113  4378  4876  3211  3048  2979  5506  3737  5240  7067  3835  4137  7747  5535  9678  6238  8131  4575  3334  3844  6541  5410  4240  4947  3704  7608  1682  3153 
 6675  4790  4484   964  2740  2999  1393  5023  1037  2835  5584  7237  9531  8129  9002  6938  5544  7222  6166  8827  7346  4655  5345  4423  4365  3338  3770  3109  2716  3642  2409  1904  2277  1684  3737  5172  2597  2778  1565  1597  1680   942  1345  1268     0   925  5143  7745  6438  5753  4859  6281  6188  5563  5956  5221  4962  4054  3891  3822  6756  4580  6083  7910  4388  4223  8589  5622 11409  7081  8974  3488  2248  4900  8272  4324  4326  5790  4455  9339   357  3996 
 6120  5077  4771  1251  2186  2444  1006  5310   272  1989  5270  7206  9818  8097  9289  6907  5512  7191  6135  7625  6144  4941  5031  4109  3913  3142  3739  3077  2718  3929  2695  2191  1824  1297  3182  4617  2042  3065  1851  1884  1967  1229  1632  1555   925     0  5430  7713  6725  6040  5146  6568  6475  5850  6243  5507  5635  4341  4178  4109  7429  4867  6370  8196  3833  4896  8558  6294 10207  7368  8656  2934  1403  4345  7070  3769  4999  5758  4003  8137   611  4283 
10505  2553  2420  4603  6763  7275  5583   601  5679  6519  5625  4965  4072  4121  3543  2931  3533  3215  4166  6478  6499  2418  5385  4464  5288  4601  3944  3792  4122  3189  3418  3850  5050  4952  7566  9002  6620  3009  4298  3763  3886  4926  4705  4667  5280  5567     0  3676  1613   928   795  1456  1362  1350  1131  1900  5064  2074  1605  1842  3323  1982  3057  4884  5509  8171  5420  9570  7732  2256  4362  7511  5980  5518  5923  8154  4425  3779  5168  6990  5623  2715 
11749  3328  3641  6945  8866  8520  7687  3462  7867  7764  5679  4125  1473  1678   944  1871  3099  1226  3733  5162  6288  3262  5998  5442  6267  5681  4923  5037  5603  4820  5760  6174  6593  7055  8811 10247  8949  5350  6639  6104  6228  7268  7047  7009  7621  8046  3503     0  1767  2558  3656  3860  2536  4856  4163  4721  7885  4934  4466  4702  6144  5241  5315  6782  6488 10992  3790 12391  6102  3208  1763  9614  8144  6497  5489  9398  7245  2891  6147  6556  7964  4283 
10820  2586  2830  5777  7937  7590  6757  1775  6853  6834  5174  3620  2858  2589  2329  1398  2594  1682  3228  5039  5783  2451  5493  4513  5337  4751  3993  4107  4674  4009  4593  5024  5663  6126  7881  9317  8020  4183  5472  4937  5060  6100  5879  5841  6454  6741  1816  2144     0   872  1969  2201   849  2525  1876  3074  6238  3248  2780  3016  4498  3156  4231  5882  5558  9345  3888 10744  6200  1859  3198  8685  7214  5567  4984  8469  5599  2429  5217  6051  6797  3473 
10301  2068  2312  5056  7216  7071  6036  1054  6131  6316  5156  4418  3329  3387  2800  2196  3047  2480  3681  5992  6029  1933  4916  3994  4819  4233  3475  3589  4155  3641  3871  4302  5144  5405  7363  8798  7072  3461  4750  4215  4339  5379  5158  5120  5732  6019  1095  2941   878     0  1248  1480   628  1803  1154  2353  5517  2526  2058  2294  3776  2435  3510  5160  5040  8624  4686 10023  6998  1512  3619  7964  6433  5049  5437  7950  4877  3227  4699  6504  6075  2954 
 9974  2087  1890  4072  6233  6744  5053   543  5148  5989  5095  4760  5006  4466  4477  3276  3067  3560  3700  6012  5968  1952  4855  3933  4758  4071  3414  3262  3592  2658  2888  3319  4520  4421  7036  8472  6089  2478  3767  3232  3356  4396  4175  4137  4749  5036   663  4021  1958  1273     0  1801  1708  1083  1476  1376  4503  1543  1075  1311  2840  1187  2574  4401  4979  7610  5765  9009  8078  2601  5296  6981  5450  4988  5457  7623  3253  3313  4638  6524  5092  2185 
13472  3622  3425  5608  9537  9795  6588  1606  6684  7524  6630  6296  4196  5019  3666  4087  4602  4371  5235  7547  7503  3487  6390  5468  6293  5606  4949  4797  5127  4194  4423  4855  6055  5957 10533 11969  9394  4013  5302  4767  4891  5931  5710  5672  7983  6571  1647  4456  2769  2085  1562     0  1980  1384   672  1249  4414  2838  2610  2450  2552  1770  1797  3526  6514  7521  7051  8919  9235  1911  4486 10285  9045  6523  6992 11121  3774  4848  6173  8059  8136  3720 
10776  2543  2787  5527  7687  7546  6507  1525  6603  6791  5630  4389  4018  3358  3488  2167  3363  2451  3997  5808  6504  2407  5391  4469  5294  4707  3950  4064  4630  3966  4342  4774  5619  5876  7838  9273  7543  3932  5221  4686  4810  5850  5629  5591  6204  6490  1566  2913   849   621  1719  1951     0  2274  1625  2824  5988  2997  2529  2765  4247  2906  3981  5631  5515  9095  4657 10494  6969  1490  3967  8435  6904  5523  5753  8425  5348  3198  5174  6820  6547  3429 
10727  2840  2643  4826  6986  7498  5806  1321  5902  6742  5848  5514  4594  5417  4064  3975  3820  4259  4453  6765  6721  2705  5608  4686  5511  4824  4167  4015  4345  3412  3641  4073  5273  5175  7789  9225  6842  3231  4520  3985  4109  5149  4928  4890  5503  5789  1362  4854  2657  1973   823  1418  2407     0  1598  1221  4385  2296  1828  2064  2644  1741  2378  4204  5732  7492  7449  8891  9633  2784  4884  7734  6203  5741  6210  8376  3745  4066  5391  7277  5846  2938 
11184  3297  3100  5282  7442  7954  6263  1280  6358  7199  6304  5970  4376  5199  3846  3935  4277  4218  4910  7222  7178  3162  6065  5143  5968  5280  4624  4472  4802  3868  4098  4529  5730  5631  8246  9681  7299  3688  4977  4442  4565  5606  5385  5347  5959  6246  1322  4636  2617  1932  1475   672  2160  1687     0  1552  4716  2753  2285  2521  2976  2073  2709  4352  6189  7823  7231  9222  9415  2214  4666  8190  6660  6198  6667  8833  4077  4523  5848  7734  6302  3395 
12338  3808  3611  4537  8404  8662  5518  2264  5613  8498  6815  6481  4929  5753  4400  4997  4788  5657  5421  7733  7689  3673  6576  5654  5797  4678  5135  3743  4057  3351  3353  3784  4985  4886  9400 10836  8261  2943  4232  3697  3820  4861  4640  4602  6850  5501  2384  5189  3679  2994  1708  1754  3551  1259  1934     0  3281  1857  1883  1468  1618   637  1352  3178  6018  6388  7785  7786  9968  3119  5219  9152  7912  6027  7178  9987  2641  5034  5887  8245  7003  3906 
11877  4797  4599  5036  7942  8201  7521  3253  7118  8037  7256  7470  5918  6741  5388  5986  5776  6645  6410  8721  8129  4662  7016  6094  6296  5176  5441  4241  4555  3849  3852  4283  5484  5385  8939 10374  7799  3442  4731  4196  4319  6104  6046  6121  6388  7061  3373  6178  4668  3983  2697  2742  4540  2248  2922  2053     0  1659  2382  1988  1829  1626  2470  4296  6517  5926  8773  7325 10957  4108  6208  8690  7450  6526  8166  9526  2179  6023  6385  9233  6542  4203 
 9214  3037  2731  3374  5535  5984  4355  1853  4450  5229  5594  5710  6171  5776  5642  4585  4016  4869  4650  6961  6468  2902  5354  4433  4634  3515  3780  2580  2894  2188  2190  2621  3822  3723  6276  7712  5391  1780  3069  2534  2658  3698  3477  3439  4051  4338  1972  5330  3267  2582  1567  2995  3017  2392  2785  1860  2920     0   720   462  2989  1220  2723  4549  4855  6178  7075  7576  9058  4361  6461  6282  4752  4864  6406  6863  1920  4263  4724  7473  4394  2542 
 9017  2693  2495  3177  5338  5787  4158  1309  4253  5032  5397  5366  5772  5232  5242  4042  3672  4325  4305  6617  6271  2557  5157  4236  4437  3318  3583  2383  2697  1991  1993  2424  3625  3526  6079  7515  5194  1583  2872  2337  2461  3501  3280  3242  3854  4141  1429  4787  2724  2039  1145  2567  2473  1849  2242  1858  3569   648     0   416  2943  1174  2677  4504  4658  7713  6531  9112  8843  3366  6062  6085  4555  4667  6062  6666  2568  3918  4527  7129  4197  2345 
 8982  2805  2499  3142  5302  5752  4123  1506  4218  4997  5362  5478  5782  5429  5253  4239  3784  4523  4418  6729  6236  2670  5122  4201  4402  3283  3548  2348  2662  1956  1958  2389  3590  3491  6044  7479  5159  1548  2837  2302  2425  3466  3245  3207  3819  4106  1626  6042  2921  2236  1104  2607  2671  2046  2439  1472  3382   462   488     0  2600   831  2334  4161  4623  7370  6728  8769  9041  3972  6072  6050  4520  4632  6174  6631  2382  4030  4492  7241  4162  2310 
12692  4937  4739  5666  8758  9016  8337  3393  7933  8852  7944  7610  6057  6881  5528  6125  5916  6785  6549  8861  8817  4801  7704  6782  6925  5806  6263  4871  5185  4479  4481  4912  6113  6015  9754 11189  8614  4071  5360  4825  4949  5989  6861  5730  7203  7876  3512  6317  4807  4123  2836  2554  4679  2387  3062  1776  3634  2985  3011  2596     0  1765  1758  3585  7146  6741  8913  8140 11097  4247  6347  9506  8265  7155  8306 10341  2995  6162  7015  9373  7357  5034 
 9740  3272  3075  3900  6061  6510  4881  1728  4976  5755  6120  5945  4951  5774  4422  4461  4252  5679  4885  7197  6994  3137  5880  4959  5160  4041  4306  3106  3420  2714  2716  3147  4348  4249  6802  8238  5917  2306  3595  3060  3184  4224  4003  3965  4577  4864  1848  5211  3143  2458  1187  1776  2893  1281  1956   670  3432  1220  1246   831  1769     0  1503  3329  5381  6539  7807  7938  9990  3141  5241  6808  5278  5390  6642  7389  2792  4498  5250  7709  4920  3068 
13214  4684  4486  5413  9279  9538  6393  3140  6488  9373  7691  7357  5804  6628  5275  5872  5663  6532  6296  8608  8564  4548  7451  6529  6672  5553  6010  4618  4932  4226  4228  4660  5860  5762 10276 11711  9136  3818  5107  4572  4696  5736  5515  5477  7725  6376  3259  6065  4554  3870  2583  1646  4426  2134  2809  1523  4156  2732  2758  2343  1756  1512     0  1973  6893  7263  8660  8662 10844  3198  6094 10027  8787  6902  8053 10863  3516  5909  6762  9120  7878  4781 
15172  6642  6445  7371 11238 11496  8352  5098  8447 11332  9649  9315  6915  7739  6386  7194  7622  7643  8255 10567 10523  6507  9410  8488  8631  7512  7969  6577  6891  6185  6187  6618  7819  7720 12234 13670 11095  5777  7066  6531  6654  7695  7474  7436  9684  8335  5218  7176  6321  5636  4542  3770  5531  4093  4498  3482  6115  4691  4717  4302  3715  3471  2120     0  8852  9222  9771 10620 11955  4412  7206 11986 10746  8861 10012 12821  5475  7868  8721 11079  9837  6740 
 5553  3523  3208  3745  3286  2324  2828  5263  3571  2136  2757  5559  7031  6450  6947  5260  3865  5543  4783  5083  3602  3388  2517  1614  1262  1620  1968  2197  2242  3758  2657  2821  2531  3644  2615  4051  2753  4001  3928  3164  3694  4998  4107  4069  4308  3750  5383  6066  5599  5023  5099  6113  5458  5803  5787  5974  8377  4807  4644  4575  7102  5333  6836  8662     0  7638  6911  9036  7665  6363  7008  4057  2434  1409  4528  3202  7741  4111  1352  5595  3779  2980 
 9879  7862  7556  4221  5945  6203  5524  8112  5121  6039  9848 10310 10777 11600 10248 10845  8616 11505  9239 12031 10550  7727  9308  7495  7529  6410  6843  6181  5789  6714  5481  4977  5534  6285  6941  8376  5801  5851  4268  4669  4679  4106  4048  4124  4390  5063  8232 11037  9527  8842  7556  7601  9399  7107  7781  6912  4894  6518  6777  6847  6688  6485  7329  9155  7592     0 13633  1437 15816  8967 11067  6693  5452  8105 11476  7528  4258  8862  9007 12543  4544  7068 
12237  4054  4858  7845  9354  9007  8174  5599  8355  8252  6167  4092  3477  2731  3576  3152  3190  2706  3935  4706  6776  4959  6486  5930  6755  6169  5411  5525  6091  6142  6498  6662  7081  7543  9299 10734  9437  6575  7769  7005  7535  8169  7947  7909  8522  8534  5640  3377  3904  4695  5793  6364  4673  7359  6666  7224 10389  7071  6603  6839  8648  7745  7819  9286  6976 13496     0 14894  2312  5711  2778 10102  8632  6985  5428  9886  9749  2858  6635  7044  8563  5141 
11278  9261  8955  5620  7343  7602  6922  9511  6519  7438 11247 11708 12176 12999 11646 12244 10015 12903 10637 13430 11949  9126 10707  8894  8928  7809  8241  7580  7188  8113  6880  6376  6933  7684  8340  9775  7200  7249  5666  6068  6078  5505  5447  5522  5789  6462  9631 12436 10926 10241  8955  9000 10797  8506  9180  8311  6293  7916  8176  8246  8087  7883  8728 10554  8990  1437 15031     0 17215 10366 12466  8091  6851  9503 12875  8927  5656 10261 10405 13942  5943  8467 
12578  6055  6859  9797 10311  9348  9853  7917 10595  9161  5174  3387  5667  4920  5765  5470  5192  5024  5078  2624  5783  6961  5493  6318  6604  7671  6914  7499  8066  8144  8472  8637  8583  9215  9640 11075  9778  8576  9744  8979  9510 10143  9922  9884 11333 10775  7958  5695  6222  7014  8111  8553  6991  9549  8856  9414 12578  8847  8922  8615 10838  9935 10008 11475  7355 15685  2318 17084     0  7901  4967 11082  9459  6614  3346 10227 11939  4860  6267  6051 10804  7143 
11651  3417  3661  6395 10929  8421  7375  2393  7471  7665  6505  5003  3072  3896  2543  2782  3977  3066  4611  6423  7379  3282  6265  5344  6168  5582  4824  4938  5505  4840  5211  5642  6494  6744  8712 10148 10786  4801  6090  5555  5678  6718  6497  6459  7072  7359  2434  3332  1767  1747  2587  1781  1490  2776  2083  2641  5806  3866  3398  3634  4065  3162  3235  4265  6389  8913  5928 10311  8112     0  3362 11677  7772  6398  6368  9300  5166  3813  6048  7434  7415  4304 
12310  3889  5047  8784  9427  9081  8247  4782  8428  8325  6240  4686   525   951   926  2432  3660  1787  4294  4957  6849  4668  6559  6003  6828  6242  5484  5598  6164  6226  6571  6735  7154  7616  9372 10808  9510  7190  8479  7944  8067  9108  8887  8849  9461  8607  4824  1823  3173  4182  5344  4171  4077  5166  4473  5031  8196  6620  5787  6232  6455  5552  5625  7092  7049 11303  2715 12701  4898  3518     0 10175  8705  7058  6050  9959  7556  3452  6708  7117 11918  5214 
 3629  6935  6620  4429  1229  2362  2300  7486  2989  2815  6612  9489 13668  9862 13139  8672  7277  8955  8495  8795  7314  6800  6072  6032  5589  4907  5504  4842  4483  6104  4496  4367  3589  3062  2876  2580  1776  5711  5029  4280  5145  4407  4810  4732  3717  3168  7606  9478  8901  8216  7322 10493  8650  8026  8419  9803  7785  6517  6354  6285  9579  7043 10220 12047  4356  7046 10323  7511 11377 11858 10420     0  2229  4868  8240  1732  7149  7523  5770  9307  3197  6272 
 4986  5172  4857  2355  1294  1756   538  5723  1226   705  4955  7832  8680  8099 11628  6909  5514  7193  6838  7138  5657  5037  4415  4375  3932  3144  3741  3079  2720  4342  2734  2604  1826  1299  2048  3483  1151  3948  3183  2517  3048  2896  2963  2886  2206  1406  5843  7715  7138  6453  5559  8982  6888  6263  6656  5921  6274  4754  4591  4522  8068  5280  8709 10536  2699  5535  8560  6934  9720  7781  8658  2042     0  3212  6583  2635  5638  5761  4114  7650  1434  4510 
 7080  3550  3235  3772  4813  3851  4356  5290  4002  3663  1845  4722  7058  6477  6974  5287  3892  5571  3728  4028  2547  3415  1305  1265   672  1647  2007  2224  2269  3785  2684  2848  2559  3190  3322  5578  4281  4028  3955  3191  3721  4355  4134  4096  4708  4181  5410  6093  5626  5050  5126  6140  5485  5830  5815  6001  8615  4834  4671  4602  7129  5360  6863  8689  1517  7876  6938  9274  6610  6390  7036  5584  3961     0  3473  4729  6754  4138  1003  4540  4210  3007 
 9540  3461  4265  6759  7273  6310  6815  5713  7557  6122  2136  1746  6096  5515  6012  4325  2942  4608  2040   658  2745  4367  2455  3279  3566  4633  3875  4461  5027  5452  5434  5598  5545  6177  6601  8037  6740  5982  6705  5941  6471  7105  6884  6846  8295  7736  5833  5131  5026  5465  5549  6555  5795  6253  6229  6802  9967  6253  6090  6021  8226  6736  7960  9786  4317 11624  5327 13023  3240  6805  6073  8044  6421  3575     0  7189  8173  3188  3228  3013  7765  4549 
 2351  7058  6742  5043  3073  2907  3412  8295  4154  2720  5820  8698 10566  9985 10482  8794  7400  9078  7704  8003  6522  6923  5281  5240  4797  4920  5502  4897  5165  6457  5178  5228  4754  4227  1507   848  3337  6523  5905  5141  5671  5582  5985  5907  4892  4334  8414  9601  9134  8558  8130  9648  8992  8834  9322  8495  8960  7329  7166  7097 10754  7855  9358 11184  3564  8221 10445  9620 10585  9898 10543  2372  3018  4077  7448     0  8324  7646  4979  8515  4362  6515 
10243  4870  4564  4585  6308  6567  5887  3686  5484  6403  7428  7544  6917  7741  6388  6419  5850  7645  6483  8795  8301  4735  7188  6266  6468  5349  5614  4413  4727  4021  4024  4455  5898  6649  7305  8740  6165  3614  4631  4368  5043  4470  4412  4487  4754  5427  3806  7178  5101  4416  3697  3742  5539  3248  3922  3053  1035  2041  2554  2447  2829  2625  3470  5296  7956  4292  9773  5691 11957  5108  7208  7056  5816  8468  8240  7892     0  6096  6557  9307  4908  4376 
 9438  1254  2058  5046  6555  6208  5375  3506  5555  5453  3368  1506  3475  2894  3388  1701   391  1984  1136  2925  3977  2160  3687  3131  3955  3369  2611  2725  3292  3343  3698  3863  4281  4744  6500  7935  6638  3775  4970  4205  4736  5369  5148  5110  5723  5735  3626  2507  2446  3237  3341  4348  3215  4046  4022  4595  7760  4046  3883  3814  6019  4528  5753  7579  4177  8890  2858 10289  4854  3829  3452  7303  5833  4185  2510  7087  5966     0  3836  4245  5764  2342 
 6698  3098  2782  3607  4431  3468  3973  4838  3837  3281  1658  4706  6606  6025  6522  4835  3440  5118  3712  4012  2531  2963  1418   814   724  1482  1556  2142  2104  3301  2519  2683  2393  3025  3760  5195  3898  3863  3790  3026  3556  4190  3969  3931  5453  4016  4958  5641  5174  4598  4674  5688  5033  5378  5362  5928  9521  4669  4506  4437  6964  5195  6698  8524  1475  8782  6485 10181  6594  5938  6583  5202  3579   733  3457  4347  6589  3686     0  4524  4045  2555 
10565  4487  5291  7784  8298  7335  7840  6738  8583  7148  3161  4059  7121  6540  7037  5350  3967  5634  3065  3365  3074  5392  3480  4305  4591  5659  4901  5486  6053  6477  6459  6624  6571  7202  7627  9063  7765  7008  7731  6966  7497  8130  7909  7871  9320  8762  6858  6156  6051  6491  6574  7580  6820  7278  7255  7828 10992  7279  7116  7047  9251  7761  8985 10812  5342 12649  7013 14048  5947  7831  7099  9069  7446  4601  2810  8214  9199  4214  4254     0  8791  5575 
 6149  5133  4827  1307  2215  2473  1035  5366   577  2019  5300  7235 10998  8126 10469  6936  5541  7220  6164  7654  6173  4998  5060  4138  3942  3171  3768  3106  2748  3985  2752  2247  1854  1326  3211  4647  2072  3121  1908  1940  2023  1285  1688  1611   357   661  5486  7742  6781  6096  5202  7823  6531  5906  6299  5564  5116  4397  4234  4165  6910  4923  7550  9377  3862  4377  8587  5775 10236  9189 11289  2963  1432  4375  7099  3798  4479  5788  4032  8166     0  4339 
 7968  1483   803  3576  5085  4738  3905  2414  4086  3983  3039  3823  5295  4714  4798  3524  2129  3808  2752  5064  3913  1348  2800  1878  2703  2064  1359  1256  1822  1001  2228  2393  3028  3274  5030  6465  5168  1726  3500  2736  2604  3899  3678  3640  4253  4265  2534  4330  3549  2973  2250  3672  3407  2954  3347  3503  5497  2576  2413  2344  4927  3102  4661  6487  2924  7420  5175  8819  7171  4313  5273  5833  4363  2933  4509  5617  4497  2376  2583  5576  4294     0 
1 28 18 17
2 28 25 15
3 27 27 14
4 30 23 15
5 31 27 16
6 25 22 15
7 29 23 13
8 27 23 15
9 24 23 14
10 29 20 14
11 27 27 17
12 26 27 13
13 29 24 15
14 22 27 15
15 30 26 14
16 25 23 14
17 30 22 12
18 26 27 16
19 29 26 17
20 26 25 14
21 29 27 13
22 31 28 18
23 26 24 13
24 28 19 12
25 28 24 17
26 29 22 15
27 28 26 15
28 27 25 17
29 22 26 15
30 27 25 18
31 30 27 14
32 29 25 16
33 24 23 16
34 31 22 17
35 32 25 15
36 29 27 14
37 28 25 16
38 28 25 13
39 26 23 13
40 28 24 16
41 30 24 17
42 29 27 15
43 27 28 16
44 27 25 18
45 27 26 18
46 31 28 17
47 27 25 14
48 27 26 17
49 27 22 15
50 28 26 15
51 31 23 18
52 26 27 15
53 28 25 16
54 26 27 12
55 27 28 12
56 30 25 17
57 29 21 17
58 28 27 17
59 28 24 14
60 28 23 15
61 28 27 15
62 30 25 15
63 32 27 18
64 30 25 15
65 27 28 16
66 28 26 13
67 30 27 15
68 27 23 17
69 23 23 15
70 29 24 18
71 25 27 15
72 30 26 16
73 27 27 16
74 31 25 16
75 30 25 16
76 27 24 15
77 25 24 17
78 29 23 15
79 28 28 16
80 23 23 15
81 25 22 16
