72 46 1
30 60 700 9.00
2 6  36  1
2 3  2   1
1 2  28  1
0 9  15  1
0 2  1   1
0 10 3   1
0 1  36  1
0 9  46  1
2 5  42  1
2 11 43  1
0 1  27  1
1 7  11  1
2 5  2   1
0 2  3   1
1 17 27  1
1 9  36  1
0 17 43  1
1 3  4   1
0 14 4   1
0 9  11  1
2 9  3   1
0 13 7   1
2 9  38  1
2 4  6   1
1 4  41  1
2 3  23  1
1 6  18  1
2 13 43  1
2 8  44  1
2 18 11  1
0 15 43  1
0 21 14  1
1 8  22  1
2 21 22  1
0 5  32  1
2 4  35  1
2 15 2   1
2 7  44  1
0 5  2   1
1 11 5   1
0 7  20  1
1 6  16  1
2 3  30  1
1 2  26  1
1 2  18  1
1 19 30  1
2 4  26  1
0 4  31  1
1 2  3   1
1 12 36  1
1 8  10  1
1 2  30  1
2 15 9   1
1 20 8   1
1 15 28  0
1 23 23  0
0 21 35  0
2 2  7   0
1 7  38  0
1 2  30  0
2 20 39  0
0 1  14  0
2 20 24  0
2 1  31  0
2 16 24  0
2 6  42  0
2 13 11  0
1 2  1   0
2 7  33  0
0 1  19  0
0 1  4   0
1 22 16  0
    0 17872 20047 23158 23520 21810 19791 19761 20856 20999 23454 19841 20576 22522 19166 20763 18479 22009 20024 20389 22273 18673 20263 21445 21045 20301 21248 21156 20924 19590 23455 22231 20516 21123 22440 22778 20506 19247 22691 22651 21379 20887 21218 21930 23079 19494 19853 
17818     0  2562  6042  5950  4694  2674  2277  3740  3883  6662  2725  3460  5405  2050  3647  1363  4893  2540  2905  5157  1188  2778  4328  3560  3184  3763  4040  3808  2105  5610  5114  3246  4007  5324  5661  3022  2130  5575  5534  4262  3403  4102  4814  5963  2378  2737 
19859  2319     0  4603  3635  2574  3046  1008  2096  2239  4346  3075  3832  5577  3602  3818  3405  5065   224  2674  3512  1193   462  4500  3330  3535  1447  4211  2899  1875  3294  5286   930  1733  3391  5833   706  2219  3930  5706  4434  1087  2436  2881  6135  2127  3109 
23103  5993  4886     0  2793  3270  4215  4027  2678  2613  2574  3641  3829  2148  4993  3174  5562  3452  4863  6601  1218  5120  5102  1849  7256  2999  4489  2599  2906  5801  3942  2436  3870  4091  2611  2403  4383  4238  1798  2856  2822  4888  3186  2258  3386  4209  4499 
23425  5887  3742  2793     0  2197  5251  4150  3123  3265   749  4098  5094  4894  5807  4649  6258  5895  3719  6243  3881  4762  3575  4595  6898  4264  2450  5041  3730  5443  1709  5182  3218  2630  1197  5149  3731  4424  2670  5602  5264  2655  2880  1579  6132  4332  5313 
21726  4616  2565  3273  2171     0  3552  2451  1424  1566  2883  2399  3395  4708  4108  2950  4559  4196  2542  5025  2182  3544  2781  3631  5681  2565  2306  3342  2031  4226  2106  4417  1549  1908  1681  4964  2062  2725  2600  4837  3565  2644  1181  1171  5266  2633  3614 
19784  2674  3226  4219  5215  3505     0  2241  2551  2694  5934   834   789  3583  1194  1824  1763  3071  3204  3607  3609  2126  3442  2506  4262  1355  3216  2217  1986  2808  5150  3292  2211  2818  4135  3839  2724   942  4026  3712  2440  3554  2913  3625  4141  1189   701 
19779  2239  1164  3983  4084  2529  2204     0  1476  1619  4074  2233  2990  4914  2760  3156  3325  4402  1141  2594  2892  1113  1380  3837  3250  2693  2086  3548  2280  1795  4020  4623   885  1688  3059  5170   661  1378  3310  5043  3771  2004  1838  2550  5472  1286  2267 
21495  4386  2953  2560  3439  1707  2607  2094     0   680  3795  1702  2221  3534  3385  1776  3954  3022  2931  4668  1470  3188  3169  2457  5324  1391  2557  2169   857  3869  3572  3243  1938  2158  2336  3790  2451  2368  1888  3663  2392  2894  1254  1827  4092  2276  2892 
21299  4189  2882  2547  2806  1240  2864  2023   675     0  2717  1959  2478  3791  3680  2033  4131  3279  2860  4598  1457  3117  3099  2714  5253  1648  2486  2425  1114  3798  3339  3500  1867  2088  1703  4047  2380  2297  1875  3920  2648  2823  1183  1193  4349  2205  3187 
23384  6274  4470  2663   766  2925  5210  4109  3082  3224     0  5072  5592  4764  5766  5146  6217  6392  4448  6971  4019  5490  4303  4466  7627  4762  3178  5539  4227  6172  2437  5053  3946  3358  1106  5020  4459  4383  2540  5473  5762  3384  2839  1538  6003  4291  5272 
19765  2655  3184  3674  4301  2568   834  2198  1195  1414  4656     0  1085  3038  2073  1279  2597  2525  3162  3565  2331  2084  3400  1961  4220   817  3174  1672  1440  2765  4433  2747  2169  2776  3198  3294  2682   899  2749  3167  1895  3512  2115  2688  3595   722  1579 
20605  3495  4047  3783  5142  3409   824  3061  2448  2383  5498  1121     0  3147  1603  1388  2172  2634  4025  4428  3172  2947  4263  2070  5083   935  4037  1781  1549  3628  5274  2856  3031  3639  4039  3403  3545  1762  3590  3276  2004  4375  2956  3529  3704  2010  1109 
22467  5357  5886  2148  4894  4665  3579  4901  3704  3639  4674  3005  3193     0  4357  2538  4926  2816  5864  6267  2653  4786  6102  1213  6923  2363  5515  1963  2805  5468  6043  1800  4871  5117  4712   287  5384  3602  3899  2220  2186  5853  4212  4785  2750  3849  3863 
19133  2023  3782  4981  5770  4061  1194  2796  3107  3250  5705  2076  1567  4345     0  2586   687  3832  3760  4163  4370  2682  3998  3268  4818  2134  3772  2979  2748  3363  5706  4054  2767  3374  4691  4601  3280  1497  4788  4474  3202  4110  3469  4181  4902  1745   494 
21380  4271  4800  2406  5152  3579  2492  3814  2618  2553  4933  1918  2106  1770  3270     0  3839  1258  4778  5181  1387  3700  5016   693  5836  1276  4429   404  1719  4381  5444  1479  3785  4031  4209  2026  4298  2515  3760  1899   627  4766  3126  3699  2328  2763  2777 
18446  1336  3510  5550  6284  4574  1763  3225  3620  3763  6218  2605  2136  4914   687  3155     0  4401  3488  3853  4939  2137  3727  3837  4508  2703  4285  3548  3317  3054  6219  4623  3280  3887  5204  5170  3970  2011  5357  5043  3771  4351  3982  4694  5471  2258  1063 
21632  4522  5051  3038  5563  3830  2744  4066  2869  2804  5565  2170  2358  2458  3522  1703  4091     0  5029  5432  2023  3951  5267  1213  6088  1528  4680   760  1970  4633  5695  1129  4036  4282  4460  2714  4549  2767  4011  1090   588  5018  3377  3950  1518  3014  3028 
20033  2493   174  4776  3808  2748  3220  1182  2270  2412  4520  3249  4006  5751  3776  3992  3579  5238     0  2848  3686  1367   636  4674  3504  3709  1621  4385  3073  2049  3468  5460  1104  1907  3565  6007   880  2393  4104  5880  4608  1261  2610  3055  6308  2301  3282 
20355  2814  2311  6543  6285  5224  3619  2611  4037  4179  6997  3648  4404  6329  4175  4570  3900  5816  2268     0  5453  1689  3113  5252   719  4108  4098  4963  4731   830  5944  6038  3580  4383  5620  6585  3356  2792  5871  6458  5186  3737  4398  5110  6886  2700  3681 
22454  5344  3795  1218  4133  2180  3566  2936  1588  1523  3914  2660  3180  2653  4344  2734  4913  2433  3773  5511     0  4030  4011  2053  6166  2350  3399  1580  1815  4711  4414  2640  2780  3001  2810  2909  3293  3210  2006  3060  1803  3736  2096  2300  3590  3118  3850 
18666  1126  1374  5021  4762  3702  2096  1089  2514  2657  5474  2125  2882  4806  2652  3048  2211  4294  1352  1716  3930     0  1590  3729  2372  2585  2575  3440  3209   917  4421  4515  2058  2860  4098  5062  1833  1270  4348  4935  3663  2214  2876  3588  5364  1178  2159 
20258  2717   572  5001  3577  2972  3445  1406  2494  2637  4289  3474  4230  5975  4001  4217  3803  5463   550  3073  3911  1592     0  4898  3728  3933  1390  4610  3298  2273  3236  5684  1329  1717  3789  6231  1104  2618  4329  6104  4832  1029  2834  3279  6533  2526  3507 
21390  4280  4809  1869  4615  3588  2502  3824  2627  2562  4396  1928  2116  1233  3280  1461  3849  1739  4787  5190  1520  3709  5025     0  5846  1286  4438   886  1728  4391  5453  1021  3794  4040  4218  1489  4307  2525  3769  1441  1109  4776  3135  3708  1971  2772  2786 
22752  3470  3312  7199  6946  5886  4274  3267  4692  4835  7658  4303  5060  6984  4830  5226  4556  6472  3269   719  6109  2344  3774  5907     0  4763  4759  5618  5387  1486  6605  6693  4242  5044  6276  7240  4017  3448  6526  7113  5841  4398  5054  5766  7542  3356  4337 
20212  3102  3632  3003  4362  2629  1342  2646  1668  1603  4718   750   956  2367  2120   608  2689  1854  3609  4012  2392  2531  3848  1290  4668     0  3622  1001   770  3213  4494  2076  2616  3224  3259  2623  3129  1347  2810  2496  1224  3959  2177  2749  2925  1594  1626 
21381  3702  1557  4623  2452  2195  3207  2110  2116  2259  3164  3236  3992  5597  3763  3839  4214  5085  1535  4058  3533  2577  1390  4520  4713  3454     0  4231  2920  3258  2111  5306  1230   398  3089  5853  1743  2380  3950  5726  4454   408  2456  2502  6155  2288  3269 
21118  4008  4537  2581  5049  3316  2230  3552  2355  2290  5405  1656  1844  1945  3008  1189  3577  1100  4515  4918  1509  3437  4754   868  5574  1014  4166     0  1456  4119  5181  1321  3522  3768  3946  2200  4035  2253  3497  1741   469  4504  2863  3436  2170  2500  2514 
20966  3856  3394  3001  3880  2147  2078  2535  1186  1121  4236  1172  1692  3005  2856  1246  3425  2492  3372  4766  1911  3285  3610  1928  5422   862  2997  1639     0  3967  4013  2714  2379  2599  2777  3261  2892  2101  2328  3134  1862  3335  1695  2267  3563  1765  2362 
19555  2015  1775  5744  5485  4425  2819  1812  3237  3380  6197  2848  3605  5529  3375  3771  3101  5017  2075   830  4654   889  2313  4452  1486  3308  3298  4163  3932     0  5145  5238  2781  3583  4821  5785  2557  1993  5072  5658  4386  2938  3599  4311  6087  1901  2882 
23401  5772  3627  3997  1764  2082  5226  4125  3098  3241  2476  4073  5266  6098  5782  4820  6233  6067  3604  6128  4514  4647  3460  5502  6783  4436  2111  5213  3902  5328     0  6288  3123  2291  2401  6354  3636  4399  3874  6708  5436  2540  3438  2784  7137  4307  5288 
22191  5081  5611  2436  5182  4390  3303  4625  3429  3363  4963  2729  2917  1800  4081  2263  4650  1427  5589  5992  2640  4511  5827  1021  6647  2087  5240  1320  2530  5192  6255     0  4595  4841  5019  2056  5108  3326  4188   454  1148  5577  3937  4509   984  3574  3588 
20349  3239  1073  3730  3257  1702  2174   938  1224  1366  3969  2203  2960  4705  2730  2946  3181  4192  1051  3574  2640  2093  1289  3628  4230  2663  1259  3339  2027  2775  3192  4414     0   861  2519  4961   571  1347  3058  4834  3562  1596  1564  2009  5262  1255  2236 
20983  3873  1847  4225  2632  1797  2809  1711  1718  1861  3344  2837  3594  5199  3364  3441  3816  4687  1825  4348  3135  2867  1717  4122  5004  3056   398  3833  2522  3549  2291  4908   832     0  2614  5455  1345  1982  3552  5328  4056   736  2058  2104  5757  1890  2871 
22354  5244  3461  2611  1197  1646  4179  3078  2051  2194  1090  3026  4022  4712  4735  3577  5186  4823  3438  5652  2810  4172  3677  4259  6308  3192  3087  3970  2658  4853  2346  5044  2445  2804     0  4967  2958  3352  2219  5464  4193  3292  1808   507  5893  3260  4241 
22692  5582  6112  2373  5119  4891  3804  5126  3930  3864  4900  3230  3418   257  4582  2764  5151  3042  6090  6493  2878  5012  6328  1439  7148  2588  5741  2188  3031  5693  6268  2026  5096  5342  4937     0  5609  3827  4124  2446  2411  6078  4438  5011  2976  4075  4089 
20505  2965   819  4278  3805  2250  2722   683  1771  1914  4516  2751  3507  5252  3278  3494  3729  4740   797  3320  3188  1839  1035  4175  3976  3210  1806  3887  2575  2521  3740  4961   606  1408  3066  5508     0  1895  3606  5381  4110  1326  2111  2556  5810  1803  2784 
19157  2047  2400  4288  4388  2678   942  1414  1725  1867  4322   970  1727  3651  1497  1893  2066  3139  2377  2780  3141  1299  2616  2574  3436  1430  2390  2286  2054  1981  4323  3360  1384  1992  3308  3907  1897     0  3559  3780  2508  2727  2086  2798  4209   362  1004 
22869  5759  4210  1798  2670  2595  3981  3351  2003  1937  2451  3075  3595  3899  4759  3149  5328  4395  4188  5925  2022  4445  4426  3601  6581  2765  3814  3542  2230  5126  3819  4188  3195  3416  2217  4155  3708  3625     0  4608  3765  4151  2511  1707  5138  3533  4265 
22556  5446  5975  2856  5602  4754  3668  4990  3793  3728  5383  3094  3282  2220  4446  2627  5015   973  5953  6356  3060  4875  6191  1441  7012  2452  5604  1684  2894  5557  6619   454  4960  5206  5384  2476  5473  3691  4608     0  1512  5942  4301  4874   530  3938  3952 
21358  4248  4777  2820  5288  3556  2469  3791  2595  2530  5644  1896  2084  2184  3248  1429  3817   939  4755  5158  1749  3677  4993  1107  5813  1254  4406   415  1696  4358  5421  1160  3762  4008  4186  2440  4275  2493  3737  1580     0  4743  3103  3676  2009  2740  2754 
20882  3342  1196  4890  2657  2532  3544  2031  2454  2596  3369  3573  4330  5935  4100  4176  4428  5422  1174  3697  3870  2216  1029  4858  4353  3792   408  4569  3257  2898  2317  5644  1567   736  3294  6191  1326  2717  4288  6064  4792     0  2794  2839  6492  2625  3606 
21721  4611  2488  3268  2414   859  3547  2446  1418  1561  3126  2394  3390  4703  4103  2945  4554  4191  2466  5020  2177  3539  2704  3626  5676  2560  2229  3337  2026  4221  2349  4412  1472  1831  1676  4959  1985  2720  2595  4832  3560  2567     0  1166  5261  2628  3609 
21846  4736  2953  2261  1613  1139  3672  2571  1544  1686  1524  2519  3515  4828  4228  3070  4679  4316  2931  5145  2302  3664  3169  3751  5801  2685  2695  3462  2151  4346  2762  4537  1938  2297   510  5084  2451  2845  1712  4957  3685  3032  1301     0  5386  2753  3734 
22984  5874  6403  3386  6132  5182  4096  5418  4221  4156  5913  3522  3710  2750  4874  3055  5443  1401  6381  6784  3375  5303  6619  1971  7440  2880  6032  2112  3322  5985  7047   984  5388  5634  5812  3006  5901  4119  5363   530  1940  6370  4729  5302     0  4366  4380 
19389  2279  2308  4139  4296  2586   997  1322  1633  1775  4230   722  2000  3649  1771  1890  2222  3137  2285  2688  3049  1207  2524  2572  3344  1428  2298  2283  2052  1889  4231  3358  1292  1900  3216  3905  1805   388  3467  3778  2506  2635  1994  2706  4207     0  1277 
19847  2737  3289  4487  5277  3567   701  2303  2614  2756  5212  1583  1074  3851   494  2093  1063  3339  3266  3669  3877  2188  3505  2774  4325  1640  3279  2485  2254  2870  5212  3560  2273  2881  4197  4107  2786  1004  4295  3980  2708  3616  2975  3687  4409  1251     0 
1 31 23 16
2 31 26 15
3 28 24 18
4 30 26 16
5 27 25 17
6 29 26 16
7 26 28 13
8 26 28 14
9 31 23 17
10 28 26 16
11 31 29 17
12 29 27 18
13 31 28 15
14 26 24 18
15 28 25 16
16 30 26 17
17 30 28 17
18 29 26 16
19 27 28 18
20 26 24 15
21 28 28 15
22 26 28 15
23 30 27 18
24 29 27 15
25 30 24 15
26 29 24 16
27 28 25 18
28 29 27 13
29 30 26 17
30 29 21 15
31 29 25 16
32 29 24 16
33 31 26 16
34 32 28 15
35 28 27 18
36 26 27 16
37 30 27 15
38 30 25 16
39 29 24 13
40 26 26 14
41 30 26 18
42 28 26 15
43 30 27 16
44 31 26 18
45 28 27 18
46 27 23 13
